GUID,GEOGID,GEOGDESC,T3_1YES,T3_1NO,T3_1NS,T3_1T,T3_2DIM,T3_2DIDOM,T3_2DIWOM,T3_2DILOOM,T3_2DINOM,T3_2DOESM,T3_2WOESM,T3_2LOOESM,T3_2NOESM,T3_2NSM,T3_2ALLM,T3_2DIF,T3_2DIDOF,T3_2DIWOF,T3_2DILOOF,T3_2DINOF,T3_2DOESF,T3_2WOESF,T3_2LOOESF,T3_2NOESF,T3_2NSF,T3_2ALLF,T3_2DIT,T3_2DIDOT,T3_2DIWOT,T3_2DILOOT,T3_2DINOT,T3_2DOEST,T3_2WOEST,T3_2LOOEST,T3_2NOEST,T3_2NST,T3_2ALLT
2ae19629-235a-13a3-e055-000000000001,2ae19629-235a-13a3-e055-000000000001,BALLYBAAN,3991,7287,1726,13004,606,17,7,4,1,63,110,595,400,53,1856,666,22,8,3,4,65,124,739,453,51,2135,1272,39,15,7,5,128,234,1334,853,104,3991
2ae19629-235b-13a3-e055-000000000001,2ae19629-235b-13a3-e055-000000000001,BALLYBRIT,316,521,75,912,14,0,0,0,0,10,17,54,44,2,141,28,0,0,0,0,11,13,72,48,3,175,42,0,0,0,0,21,30,126,92,5,316
2ae19629-235c-13a3-e055-000000000001,2ae19629-235c-13a3-e055-000000000001,BARNA,8024,7040,969,16033,985,81,21,9,2,229,299,1254,589,88,3557,1225,102,20,12,1,294,385,1551,796,81,4467,2210,183,41,21,3,523,684,2805,1385,169,8024
2ae19629-235d-13a3-e055-000000000001,2ae19629-235d-13a3-e055-000000000001,CASTLEGAR,1401,2438,353,4192,128,5,1,0,0,38,49,259,138,21,639,170,7,1,0,1,40,52,284,193,14,762,298,12,2,0,1,78,101,543,331,35,1401
2ae19629-235e-13a3-e055-000000000001,2ae19629-235e-13a3-e055-000000000001,CLADDAGH,1181,1288,215,2684,73,3,0,1,0,28,52,238,122,9,526,111,9,3,1,0,36,50,302,128,15,655,184,12,3,2,0,64,102,540,250,24,1181
2ae19629-235f-13a3-e055-000000000001,2ae19629-235f-13a3-e055-000000000001,DANGAN,1912,2066,543,4521,87,6,0,1,1,36,64,378,187,16,776,141,10,3,0,0,37,96,525,299,25,1136,228,16,3,1,1,73,160,903,486,41,1912
2ae19629-2360-13a3-e055-000000000001,2ae19629-2360-13a3-e055-000000000001,EYRE SQUARE,1120,2241,1043,4404,20,3,0,0,1,32,64,235,140,22,517,30,5,0,0,0,29,61,291,173,14,603,50,8,0,0,1,61,125,526,313,36,1120
2ae19629-2361-13a3-e055-000000000001,2ae19629-2361-13a3-e055-000000000001,KNOCKNACARRAGH,765,604,65,1434,63,1,2,0,0,14,44,145,62,8,339,89,4,0,1,0,23,33,172,101,3,426,152,5,2,1,0,37,77,317,163,11,765
2ae19629-236f-13a3-e055-000000000001,2ae19629-236f-13a3-e055-000000000001,LOUGH ATALIA,431,370,65,866,37,4,4,0,0,14,23,60,29,4,175,52,5,5,0,0,17,22,102,45,8,256,89,9,9,0,0,31,45,162,74,12,431
2ae19629-2370-13a3-e055-000000000001,2ae19629-2370-13a3-e055-000000000001,MENLOUGH,2425,2615,227,5267,167,7,4,2,0,64,104,456,248,22,1074,209,12,5,2,0,76,113,595,308,31,1351,376,19,9,4,0,140,217,1051,556,53,2425
2ae19629-2371-13a3-e055-000000000001,2ae19629-2371-13a3-e055-000000000001,MERVUE,829,1280,111,2220,88,5,2,0,1,20,26,153,88,6,389,104,9,0,1,0,24,24,156,110,12,440,192,14,2,1,1,44,50,309,198,18,829
2ae19629-2372-13a3-e055-000000000001,2ae19629-2372-13a3-e055-000000000001,MURROOGH,1111,1466,236,2813,94,3,0,1,0,17,30,199,134,8,486,133,7,0,2,0,19,34,271,143,16,625,227,10,0,3,0,36,64,470,277,24,1111
2ae19629-2373-13a3-e055-000000000001,2ae19629-2373-13a3-e055-000000000001,NEWCASTLE,707,1016,256,1979,30,0,0,0,0,11,40,121,79,11,292,48,4,0,0,0,15,37,192,101,18,415,78,4,0,0,0,26,77,313,180,29,707
2ae19629-2374-13a3-e055-000000000001,2ae19629-2374-13a3-e055-000000000001,NUNS ISLAND,599,615,472,1686,29,4,0,0,0,8,34,106,48,3,232,40,7,1,0,0,16,29,193,76,5,367,69,11,1,0,0,24,63,299,124,8,599
2ae19629-2375-13a3-e055-000000000001,2ae19629-2375-13a3-e055-000000000001,RAHOON,1304,1715,328,3347,155,9,3,0,1,26,60,217,108,10,589,184,8,3,3,1,39,73,258,131,15,715,339,17,6,3,2,65,133,475,239,25,1304
2ae19629-2376-13a3-e055-000000000001,2ae19629-2376-13a3-e055-000000000001,RENMORE,696,648,72,1416,63,3,0,0,0,10,28,139,52,13,308,77,4,3,1,1,21,36,170,70,5,388,140,7,3,1,1,31,64,309,122,18,696
2ae19629-2377-13a3-e055-000000000001,2ae19629-2377-13a3-e055-000000000001,ROCKBARTON,925,742,145,1812,97,7,1,0,0,25,40,159,73,7,409,76,15,0,1,1,26,54,213,118,12,516,173,22,1,1,1,51,94,372,191,19,925
2ae19629-2384-13a3-e055-000000000001,2ae19629-2384-13a3-e055-000000000001,St. NICHOLAS,895,1467,819,3181,23,2,0,1,0,35,46,173,103,13,396,36,9,0,0,0,29,58,224,130,13,499,59,11,0,1,0,64,104,397,233,26,895
2ae19629-2382-13a3-e055-000000000001,2ae19629-2382-13a3-e055-000000000001,SALTHILL,1572,1552,386,3510,126,11,1,1,0,37,66,264,143,13,662,169,11,4,0,1,50,77,399,182,17,910,295,22,5,1,1,87,143,663,325,30,1572
2ae19629-2383-13a3-e055-000000000001,2ae19629-2383-13a3-e055-000000000001,SHANTALLA,641,750,564,1955,35,4,0,0,0,16,30,123,60,9,277,49,2,0,1,0,19,39,171,71,12,364,84,6,0,1,0,35,69,294,131,21,641
2ae19629-2385-13a3-e055-000000000001,2ae19629-2385-13a3-e055-000000000001,TAYLORS HILL,1352,1315,374,3041,136,10,2,1,0,41,71,223,105,14,603,183,10,7,0,0,39,71,304,125,10,749,319,20,9,1,0,80,142,527,230,24,1352
2ae19629-2386-13a3-e055-000000000001,2ae19629-2386-13a3-e055-000000000001,WELLPARK,511,1021,264,1796,31,1,1,0,0,14,20,107,56,8,238,41,3,0,0,0,8,20,112,85,4,273,72,4,1,0,0,22,40,219,141,12,511
2ae19629-205d-13a3-e055-000000000001,2ae19629-205d-13a3-e055-000000000001,BALLINASLOE URBAN,2477,3943,584,7004,335,4,0,2,1,22,54,400,235,31,1084,415,12,4,3,0,27,76,504,306,46,1393,750,16,4,5,1,49,130,904,541,77,2477
2ae19629-2101-13a3-e055-000000000001,2ae19629-2101-13a3-e055-000000000001,ABBEYGORMACAN,182,248,14,444,20,0,3,0,0,0,4,25,23,1,76,29,0,1,0,0,0,5,40,29,2,106,49,0,4,0,0,0,9,65,52,3,182
2ae19629-2047-13a3-e055-000000000001,2ae19629-2047-13a3-e055-000000000001,AHASCRAGH,256,323,19,598,35,1,1,1,0,4,7,43,32,6,130,34,1,0,0,0,4,10,46,27,4,126,69,2,1,1,0,8,17,89,59,10,256
2ae19629-2052-13a3-e055-000000000001,2ae19629-2052-13a3-e055-000000000001,AUGHRIM,245,300,19,564,24,0,0,0,0,3,5,36,35,3,106,33,0,0,1,0,5,8,53,36,3,139,57,0,0,1,0,8,13,89,71,6,245
2ae19629-205c-13a3-e055-000000000001,2ae19629-205c-13a3-e055-000000000001,BALLINASLOE RURAL,259,261,22,542,26,0,0,1,0,3,9,62,15,5,121,35,1,0,0,0,1,9,64,26,2,138,61,1,0,1,0,4,18,126,41,7,259
2ae19629-2076-13a3-e055-000000000001,2ae19629-2076-13a3-e055-000000000001,BALLYMACWARD,133,161,8,302,24,0,0,0,0,1,6,22,19,2,74,14,0,0,0,0,0,5,24,15,1,59,38,0,0,0,0,1,11,46,34,3,133
2ae19629-2105-13a3-e055-000000000001,2ae19629-2105-13a3-e055-000000000001,CLONFERT,152,264,17,433,15,0,0,0,1,0,5,20,20,2,63,21,0,0,0,0,0,8,28,31,1,89,36,0,0,0,1,0,13,48,51,3,152
2ae19629-2048-13a3-e055-000000000001,2ae19629-2048-13a3-e055-000000000001,CLONTUSKERT,82,124,8,214,11,0,0,0,0,0,1,21,9,0,42,4,0,1,0,0,0,7,14,14,0,40,15,0,1,0,0,0,8,35,23,0,82
2ae19629-237b-13a3-e055-000000000001,2ae19629-237b-13a3-e055-000000000001,KELLYSGROVE,168,195,9,372,18,0,0,0,0,2,3,22,27,2,74,18,0,1,0,0,1,5,46,21,2,94,36,0,1,0,0,3,8,68,48,4,168
2ae19629-2398-13a3-e055-000000000001,2ae19629-2398-13a3-e055-000000000001,KILCONNELL,261,343,33,637,30,0,0,0,0,1,7,42,27,4,111,42,1,0,0,0,4,6,53,39,5,150,72,1,0,0,0,5,13,95,66,9,261
2ae19629-23a6-13a3-e055-000000000001,2ae19629-23a6-13a3-e055-000000000001,KILLAAN,228,317,9,554,24,0,0,1,0,3,6,30,26,1,91,39,0,0,0,0,1,9,51,34,3,137,63,0,0,1,0,4,15,81,60,4,228
2ae19629-23a7-13a3-e055-000000000001,2ae19629-23a7-13a3-e055-000000000001,KILLALLAGHTAN,217,247,28,492,32,2,0,0,1,1,1,36,25,3,101,29,2,0,0,0,3,4,44,32,2,116,61,4,0,0,1,4,5,80,57,5,217
2ae19629-22f7-13a3-e055-000000000001,2ae19629-22f7-13a3-e055-000000000001,KILLORAN,102,168,5,275,16,0,0,0,0,0,2,11,16,0,45,20,0,0,0,0,1,2,16,15,3,57,36,0,0,0,0,1,4,27,31,3,102
2ae19629-2306-13a3-e055-000000000001,2ae19629-2306-13a3-e055-000000000001,KILLURE,310,394,17,721,40,0,1,0,0,0,1,69,22,3,136,44,0,0,0,0,3,10,63,48,6,174,84,0,1,0,0,3,11,132,70,9,310
2ae19629-2316-13a3-e055-000000000001,2ae19629-2316-13a3-e055-000000000001,KILMACSHANE,90,129,7,226,14,2,0,1,0,0,3,11,7,1,39,21,1,0,0,0,0,2,13,13,1,51,35,3,0,1,0,0,5,24,20,2,90
2ae19629-233d-13a3-e055-000000000001,2ae19629-233d-13a3-e055-000000000001,KILTORMER,183,301,15,499,12,0,0,0,0,0,2,25,36,3,78,19,0,0,0,0,2,4,44,31,5,105,31,0,0,0,0,2,6,69,67,8,183
2ae19629-234d-13a3-e055-000000000001,2ae19629-234d-13a3-e055-000000000001,KYLEMORE,61,75,5,141,3,0,0,0,0,0,1,12,7,0,23,10,0,0,0,0,0,7,13,8,0,38,13,0,0,0,0,0,8,25,15,0,61
2ae19629-2358-13a3-e055-000000000001,2ae19629-2358-13a3-e055-000000000001,LAURENCETOWN,136,218,18,372,18,0,2,0,0,2,0,20,16,0,58,27,0,1,0,0,1,3,30,16,0,78,45,0,3,0,0,3,3,50,32,0,136
2ae19629-2380-13a3-e055-000000000001,2ae19629-2380-13a3-e055-000000000001,LISMANNY,113,125,16,254,14,0,0,0,0,4,0,21,8,1,48,26,2,0,0,0,2,3,24,6,2,65,40,2,0,0,0,6,3,45,14,3,113
2ae19629-22de-13a3-e055-000000000001,2ae19629-22de-13a3-e055-000000000001,OATFIELD,227,198,10,435,24,0,2,0,0,1,4,38,25,1,95,32,0,1,1,0,2,8,57,29,2,132,56,0,3,1,0,3,12,95,54,3,227
2ae19629-208c-13a3-e055-000000000001,2ae19629-208c-13a3-e055-000000000001,BALLYNAKILL,156,319,31,506,13,1,1,0,0,2,4,31,19,4,75,20,0,0,0,0,6,4,37,14,0,81,33,1,1,0,0,8,8,68,33,4,156
2ae19629-20a6-13a3-e055-000000000001,2ae19629-20a6-13a3-e055-000000000001,BENCORR,60,135,19,214,1,1,2,0,0,3,2,12,4,0,25,3,0,1,0,0,5,3,18,4,1,35,4,1,3,0,0,8,5,30,8,1,60
2ae19629-20b1-13a3-e055-000000000001,2ae19629-20b1-13a3-e055-000000000001,BUNOWEN,130,247,18,395,14,0,0,0,0,1,4,22,17,1,59,13,1,0,0,0,0,5,38,13,1,71,27,1,0,0,0,1,9,60,30,2,130
2ae19629-20f4-13a3-e055-000000000001,2ae19629-20f4-13a3-e055-000000000001,CLEGGAN,77,207,12,296,10,0,0,0,0,2,2,11,2,3,30,8,0,0,0,0,1,5,23,8,2,47,18,0,0,0,0,3,7,34,10,5,77
2ae19629-20f5-13a3-e055-000000000001,2ae19629-20f5-13a3-e055-000000000001,CLIFDEN,635,1257,120,2012,61,0,0,1,2,11,34,104,59,9,281,90,2,2,0,1,12,27,136,74,10,354,151,2,2,1,3,23,61,240,133,19,635
2ae19629-2300-13a3-e055-000000000001,2ae19629-2300-13a3-e055-000000000001,Crump Island,120,133,12,265,35,0,3,1,0,0,6,12,7,1,65,26,0,0,0,0,4,5,14,4,2,55,61,0,3,1,0,4,11,26,11,3,120
2ae19629-2314-13a3-e055-000000000001,2ae19629-2314-13a3-e055-000000000001,DOONLOUGHAN,27,64,5,96,2,0,0,0,0,0,0,5,2,1,10,5,0,0,0,0,0,2,6,2,2,17,7,0,0,0,0,0,2,11,4,3,27
2ae19629-232c-13a3-e055-000000000001,2ae19629-232c-13a3-e055-000000000001,ERRISLANNAN,73,146,7,226,7,0,0,0,0,0,2,18,5,1,33,9,0,0,1,0,0,4,9,17,0,40,16,0,0,1,0,0,6,27,22,1,73
2ae19629-2367-13a3-e055-000000000001,2ae19629-2367-13a3-e055-000000000001,ILLION,64,38,0,102,7,0,0,0,0,8,9,12,4,0,40,5,0,0,0,0,4,2,7,6,0,24,12,0,0,0,0,12,11,19,10,0,64
2ae19629-2368-13a3-e055-000000000001,2ae19629-2368-13a3-e055-000000000001,INISHBOFIN,60,109,13,182,4,0,1,0,0,1,3,12,8,2,31,6,1,0,0,0,1,3,11,6,1,29,10,1,1,0,0,2,6,23,14,3,60
2ae19629-234c-13a3-e055-000000000001,2ae19629-234c-13a3-e055-000000000001,KNOCKBOY,688,120,42,850,45,38,2,0,0,185,20,21,2,16,329,76,49,3,0,0,167,20,25,2,17,359,121,87,5,0,0,352,40,46,4,33,688
2ae19629-22dd-13a3-e055-000000000001,2ae19629-22dd-13a3-e055-000000000001,MOYRUS,189,128,10,327,14,3,0,0,0,7,14,48,10,3,99,16,5,0,0,0,12,8,42,7,0,90,30,8,0,0,0,19,22,90,17,3,189
2ae19629-22e1-13a3-e055-000000000001,2ae19629-22e1-13a3-e055-000000000001,OWENGOWLA,241,46,8,295,26,11,0,0,0,66,10,8,0,7,128,25,15,0,0,0,57,5,6,0,5,113,51,26,0,0,0,123,15,14,0,12,241
2ae19629-22fa-13a3-e055-000000000001,2ae19629-22fa-13a3-e055-000000000001,RINVYLE,422,745,51,1218,42,1,0,0,0,3,11,74,45,7,183,67,2,0,0,0,12,15,93,41,9,239,109,3,0,0,0,15,26,167,86,16,422
2ae19629-22fc-13a3-e055-000000000001,2ae19629-22fc-13a3-e055-000000000001,ROUNDSTONE,152,267,12,431,12,0,1,0,0,1,4,35,12,4,69,18,0,0,0,0,5,10,28,20,2,83,30,0,1,0,0,6,14,63,32,6,152
2ae19629-230b-13a3-e055-000000000001,2ae19629-230b-13a3-e055-000000000001,SILLERNA,130,297,24,451,16,0,0,0,0,1,1,25,14,5,62,6,0,0,0,0,2,4,39,15,2,68,22,0,0,0,0,3,5,64,29,7,130
2ae19629-230c-13a3-e055-000000000001,2ae19629-230c-13a3-e055-000000000001,SKANNIVE,534,42,12,588,47,31,0,0,1,157,10,13,1,17,277,39,31,0,0,0,145,9,19,0,14,257,86,62,0,0,1,302,19,32,1,31,534
2ae19629-204f-13a3-e055-000000000001,2ae19629-204f-13a3-e055-000000000001,ANNAGHDOWN,1010,779,119,1908,139,7,1,0,0,18,34,181,82,7,469,152,6,3,0,0,21,44,208,99,8,541,291,13,4,0,0,39,78,389,181,15,1010
2ae19629-2051-13a3-e055-000000000001,2ae19629-2051-13a3-e055-000000000001,AUGHRIM,581,628,51,1260,81,3,1,2,0,3,16,70,82,5,263,97,4,0,1,1,3,22,105,80,5,318,178,7,1,3,1,6,38,175,162,10,581
2ae19629-2069-13a3-e055-000000000001,2ae19629-2069-13a3-e055-000000000001,BALLINTEMPLE,762,755,20,1537,81,4,0,1,2,14,29,124,86,4,345,109,3,3,1,0,8,31,157,98,7,417,190,7,3,2,2,22,60,281,184,11,762
2ae19629-207f-13a3-e055-000000000001,2ae19629-207f-13a3-e055-000000000001,BALLYNACOURTY,688,456,47,1191,78,1,1,0,0,9,24,131,77,5,326,83,0,0,1,0,8,31,152,79,8,362,161,1,1,1,0,17,55,283,156,13,688
2ae19629-2098-13a3-e055-000000000001,2ae19629-2098-13a3-e055-000000000001,BARNA,2521,1131,115,3767,319,42,7,3,0,89,120,428,157,25,1190,363,35,10,4,1,95,147,464,189,23,1331,682,77,17,7,1,184,267,892,346,48,2521
2ae19629-20a5-13a3-e055-000000000001,2ae19629-20a5-13a3-e055-000000000001,BELLEVILLE,277,350,15,642,37,3,0,0,0,2,3,39,30,2,116,54,1,0,1,0,1,10,54,38,2,161,91,4,0,1,0,3,13,93,68,4,277
2ae19629-20cb-13a3-e055-000000000001,2ae19629-20cb-13a3-e055-000000000001,CARNMORE,1377,1152,156,2685,187,1,2,0,0,18,50,280,138,7,683,200,2,3,1,0,29,42,266,143,8,694,387,3,5,1,0,47,92,546,281,15,1377
2ae19629-20cc-13a3-e055-000000000001,2ae19629-20cc-13a3-e055-000000000001,CARROWBROWNE,528,437,23,988,61,3,0,0,0,17,28,92,45,8,254,78,8,0,0,0,12,28,95,49,4,274,139,11,0,0,0,29,56,187,94,12,528
2ae19629-20e2-13a3-e055-000000000001,2ae19629-20e2-13a3-e055-000000000001,CLAREGALWAY,1129,1086,73,2288,162,10,0,3,2,14,41,198,92,13,535,164,10,2,0,2,18,47,227,113,11,594,326,20,2,3,4,32,88,425,205,24,1129
2ae19629-20f3-13a3-e055-000000000001,2ae19629-20f3-13a3-e055-000000000001,CLARINBRIDGE,2113,1735,114,3962,280,15,2,1,1,35,75,347,222,21,999,319,18,2,2,0,28,82,406,232,25,1114,599,33,4,3,1,63,157,753,454,46,2113
2ae19629-2301-13a3-e055-000000000001,2ae19629-2301-13a3-e055-000000000001,DEERPARK,597,743,61,1401,101,1,0,1,0,4,15,72,68,6,268,125,2,0,1,0,9,22,92,73,5,329,226,3,0,2,0,13,37,164,141,11,597
2ae19629-2338-13a3-e055-000000000001,2ae19629-2338-13a3-e055-000000000001,FURBOGH,1053,482,45,1580,120,28,3,0,0,122,60,125,38,15,511,139,37,2,1,0,102,71,147,32,11,542,259,65,5,1,0,224,131,272,70,26,1053
2ae19629-2339-13a3-e055-000000000001,2ae19629-2339-13a3-e055-000000000001,GALWAY RURAL,107,96,6,209,5,2,0,0,0,3,3,20,12,2,47,10,2,0,0,0,3,6,26,13,0,60,15,4,0,0,0,6,9,46,25,2,107
2ae19629-2369-13a3-e055-000000000001,2ae19629-2369-13a3-e055-000000000001,INISHMORE,1036,188,87,1311,63,84,2,1,0,304,30,27,10,16,537,54,105,3,0,0,275,22,20,6,14,499,117,189,5,1,0,579,52,47,16,30,1036
2ae19629-23a5-13a3-e055-000000000001,2ae19629-23a5-13a3-e055-000000000001,KILCUMMIN,1150,116,87,1353,92,76,2,0,0,321,27,25,6,29,578,103,87,1,0,1,295,33,33,1,18,572,195,163,3,0,1,616,60,58,7,47,1150
2ae19629-23a8-13a3-e055-000000000001,2ae19629-23a8-13a3-e055-000000000001,KILLANNIN,908,139,25,1072,74,72,2,1,0,215,21,40,6,18,449,65,94,2,0,0,206,33,36,9,14,459,139,166,4,1,0,421,54,76,15,32,908
2ae19629-234e-13a3-e055-000000000001,2ae19629-234e-13a3-e055-000000000001,LACKAGHBEG,769,745,55,1569,132,0,1,2,0,4,27,102,96,9,373,113,2,1,0,1,9,30,130,101,9,396,245,2,2,2,1,13,57,232,197,18,769
2ae19629-237e-13a3-e055-000000000001,2ae19629-237e-13a3-e055-000000000001,LISCANANAUN,737,779,36,1552,105,5,0,1,1,9,24,130,72,5,352,111,7,1,1,0,15,26,140,78,6,385,216,12,1,2,1,24,50,270,150,11,737
2ae19629-237f-13a3-e055-000000000001,2ae19629-237f-13a3-e055-000000000001,LISHEENAVALLA,500,504,52,1056,71,0,2,1,0,3,15,72,58,3,225,71,2,0,1,0,9,22,105,60,5,275,142,2,2,2,0,12,37,177,118,8,500
2ae19629-22d1-13a3-e055-000000000001,2ae19629-22d1-13a3-e055-000000000001,MOYCULLEN,1411,864,114,2389,198,18,2,0,0,48,72,255,89,7,689,197,14,1,3,2,49,74,280,94,8,722,395,32,3,3,2,97,146,535,183,15,1411
2ae19629-22df-13a3-e055-000000000001,2ae19629-22df-13a3-e055-000000000001,ORANMORE,2198,2142,202,4542,283,15,4,1,0,32,86,342,195,23,981,342,24,6,1,0,37,88,452,245,22,1217,625,39,10,2,0,69,174,794,440,45,2198
2ae19629-2309-13a3-e055-000000000001,2ae19629-2309-13a3-e055-000000000001,SELERNA,1226,184,47,1457,74,102,2,1,0,346,39,28,3,17,612,100,93,5,0,0,326,41,36,3,10,614,174,195,7,1,0,672,80,64,6,27,1226
2ae19629-2319-13a3-e055-000000000001,2ae19629-2319-13a3-e055-000000000001,SLIEVEANEENA,515,209,63,787,57,8,1,1,0,24,43,90,21,6,251,75,7,2,2,0,32,28,90,22,6,264,132,15,3,3,0,56,71,180,43,12,515
2ae19629-231a-13a3-e055-000000000001,2ae19629-231a-13a3-e055-000000000001,SPIDDLE,1231,291,251,1773,116,81,3,1,0,267,47,66,12,9,602,127,78,4,2,0,238,73,75,13,19,629,243,159,7,3,0,505,120,141,25,28,1231
2ae19629-2326-13a3-e055-000000000001,2ae19629-2326-13a3-e055-000000000001,STRADBALLY,616,504,27,1147,80,0,0,2,0,8,21,94,86,4,295,102,3,0,2,1,6,23,100,82,2,321,182,3,0,4,1,14,44,194,168,6,616
2ae19629-2340-13a3-e055-000000000001,2ae19629-2340-13a3-e055-000000000001,TULLOKYNE,1215,840,161,2216,125,16,2,0,0,36,72,204,102,10,567,175,20,1,1,0,39,57,226,114,15,648,300,36,3,1,0,75,129,430,216,25,1215
2ae19629-205e-13a3-e055-000000000001,2ae19629-205e-13a3-e055-000000000001,BALLINASTACK,131,188,8,327,7,0,0,0,0,0,1,23,17,3,51,22,0,0,0,0,1,7,25,20,5,80,29,0,0,0,0,1,8,48,37,8,131
2ae19629-207e-13a3-e055-000000000001,2ae19629-207e-13a3-e055-000000000001,BALLYMOE,158,204,29,391,14,0,0,0,0,0,7,28,26,0,75,16,0,0,0,0,0,6,36,24,1,83,30,0,0,0,0,0,13,64,50,1,158
2ae19629-208d-13a3-e055-000000000001,2ae19629-208d-13a3-e055-000000000001,BALLYNAKILL,168,227,24,419,22,0,0,0,1,2,3,27,15,1,71,25,0,0,0,0,3,2,43,23,1,97,47,0,0,0,1,5,5,70,38,2,168
2ae19629-20a7-13a3-e055-000000000001,2ae19629-20a7-13a3-e055-000000000001,BOYOUNAGH,93,141,8,242,9,0,0,1,0,0,3,11,16,0,40,13,0,0,0,0,0,0,19,19,2,53,22,0,0,1,0,0,3,30,35,2,93
2ae19629-22f0-13a3-e055-000000000001,2ae19629-22f0-13a3-e055-000000000001,CREGGS,139,202,2,343,12,0,1,0,0,0,2,22,20,2,59,21,0,0,1,0,0,2,30,24,2,80,33,0,1,1,0,0,4,52,44,4,139
2ae19629-22ff-13a3-e055-000000000001,2ae19629-22ff-13a3-e055-000000000001,CURRAGHMORE,68,115,5,188,9,0,0,0,0,0,1,17,11,0,38,1,0,0,0,0,0,1,21,6,1,30,10,0,0,0,0,0,2,38,17,1,68
2ae19629-233a-13a3-e055-000000000001,2ae19629-233a-13a3-e055-000000000001,GLENNAMADDY,363,500,30,893,38,0,0,0,0,4,16,68,40,4,170,45,0,0,0,0,8,10,73,54,3,193,83,0,0,0,0,12,26,141,94,7,363
2ae19629-236a-13a3-e055-000000000001,2ae19629-236a-13a3-e055-000000000001,ISLAND,111,124,13,248,13,0,0,0,0,1,3,17,17,1,52,17,1,0,0,0,0,4,17,18,2,59,30,1,0,0,0,1,7,34,35,3,111
2ae19629-23a3-13a3-e055-000000000001,2ae19629-23a3-13a3-e055-000000000001,KILCROAN,261,277,36,574,24,2,0,0,0,4,7,42,24,4,107,41,0,0,0,0,3,15,56,33,6,154,65,2,0,0,0,7,22,98,57,10,261
2ae19629-234a-13a3-e055-000000000001,2ae19629-234a-13a3-e055-000000000001,KILTULLAGH,88,114,7,209,16,0,0,0,0,1,3,8,9,2,39,19,0,0,0,0,0,7,11,11,1,49,35,0,0,0,0,1,10,19,20,3,88
2ae19629-22f9-13a3-e055-000000000001,2ae19629-22f9-13a3-e055-000000000001,RAHEEN,193,304,9,506,21,0,0,0,0,0,3,28,27,2,81,31,0,0,0,0,0,5,49,27,0,112,52,0,0,0,0,0,8,77,54,2,193
2ae19629-2308-13a3-e055-000000000001,2ae19629-2308-13a3-e055-000000000001,SCREGG,126,108,4,238,17,0,0,0,0,1,0,20,21,0,59,22,0,0,0,0,2,2,15,24,2,67,39,0,0,0,0,3,2,35,45,2,126
2ae19629-230a-13a3-e055-000000000001,2ae19629-230a-13a3-e055-000000000001,SHANKILL,141,181,16,338,12,0,0,0,0,0,4,28,16,3,63,26,0,0,0,0,2,4,28,15,3,78,38,0,0,0,0,2,8,56,31,6,141
2ae19629-2328-13a3-e055-000000000001,2ae19629-2328-13a3-e055-000000000001,TEMPLETOGHER,185,202,8,395,13,0,1,0,0,1,6,25,32,2,80,24,1,0,0,0,0,8,31,39,2,105,37,1,1,0,0,1,14,56,71,4,185
2ae19629-2335-13a3-e055-000000000001,2ae19629-2335-13a3-e055-000000000001,TOBERROE,112,180,16,308,13,1,0,0,0,2,2,17,15,1,51,16,0,0,0,0,3,3,23,15,1,61,29,1,0,0,0,5,5,40,30,2,112
2ae19629-205a-13a3-e055-000000000001,2ae19629-205a-13a3-e055-000000000001,ARDAMULLIVAN,271,358,58,687,36,0,1,0,0,1,12,41,24,4,119,42,1,0,0,0,3,8,60,34,4,152,78,1,1,0,0,4,20,101,58,8,271
2ae19629-205b-13a3-e055-000000000001,2ae19629-205b-13a3-e055-000000000001,ARDRAHAN,239,321,33,593,41,1,3,2,0,5,4,32,21,3,112,45,1,1,0,0,2,12,39,25,2,127,86,2,4,2,0,7,16,71,46,5,239
2ae19629-2074-13a3-e055-000000000001,2ae19629-2074-13a3-e055-000000000001,BALLYCAHALAN,92,112,9,213,20,0,0,0,0,0,1,15,8,1,45,17,0,0,0,0,0,3,15,12,0,47,37,0,0,0,0,0,4,30,20,1,92
2ae19629-2099-13a3-e055-000000000001,2ae19629-2099-13a3-e055-000000000001,BEAGH,365,375,26,766,54,2,0,0,0,1,6,66,43,6,178,72,0,1,0,0,5,8,55,41,5,187,126,2,1,0,0,6,14,121,84,11,365
2ae19629-20b2-13a3-e055-000000000001,2ae19629-20b2-13a3-e055-000000000001,CAHERMORE,273,300,11,584,43,0,1,0,1,2,7,35,32,2,123,58,0,1,0,0,1,9,44,37,0,150,101,0,2,0,1,3,16,79,69,2,273
2ae19629-20c0-13a3-e055-000000000001,2ae19629-20c0-13a3-e055-000000000001,CAPPARD,39,70,9,118,2,1,0,0,0,0,1,8,4,0,16,7,2,0,0,0,1,0,10,2,1,23,9,3,0,0,0,1,1,18,6,1,39
2ae19629-20e1-13a3-e055-000000000001,2ae19629-20e1-13a3-e055-000000000001,CASTLETAYLOR,341,308,12,661,44,0,0,0,0,3,9,48,46,8,158,55,2,0,0,0,3,12,67,40,4,183,99,2,0,0,0,6,21,115,86,12,341
2ae19629-231e-13a3-e055-000000000001,2ae19629-231e-13a3-e055-000000000001,DOORUS,427,404,21,852,70,6,0,0,0,4,7,67,37,6,197,62,2,0,4,0,5,13,91,43,10,230,132,8,0,4,0,9,20,158,80,16,427
2ae19629-231f-13a3-e055-000000000001,2ae19629-231f-13a3-e055-000000000001,DRUMACOO,713,734,54,1501,93,0,1,0,2,4,22,116,82,7,327,118,5,3,1,0,8,21,145,78,7,386,211,5,4,1,2,12,43,261,160,14,713
2ae19629-2345-13a3-e055-000000000001,2ae19629-2345-13a3-e055-000000000001,GORT,946,1634,476,3056,131,1,1,0,0,15,24,124,105,11,412,146,8,4,2,0,17,35,183,128,11,534,277,9,5,2,0,32,59,307,233,22,946
2ae19629-237c-13a3-e055-000000000001,2ae19629-237c-13a3-e055-000000000001,KILBEACANTY,144,177,21,342,15,0,0,0,0,1,5,21,21,1,64,23,0,2,0,0,1,4,29,20,1,80,38,0,2,0,0,2,9,50,41,2,144
2ae19629-22ce-13a3-e055-000000000001,2ae19629-22ce-13a3-e055-000000000001,KILLEELY,946,857,54,1857,146,1,1,0,0,9,25,165,102,11,460,163,3,4,0,0,13,24,186,84,9,486,309,4,5,0,0,22,49,351,186,20,946
2ae19629-22da-13a3-e055-000000000001,2ae19629-22da-13a3-e055-000000000001,KILLEENAVARRA,439,416,23,878,66,3,0,0,1,6,14,50,56,4,200,75,5,0,1,0,6,12,95,42,3,239,141,8,0,1,1,12,26,145,98,7,439
2ae19629-22f5-13a3-e055-000000000001,2ae19629-22f5-13a3-e055-000000000001,KILLINNY,227,239,18,484,32,0,0,0,0,2,4,48,27,2,115,41,0,0,0,0,2,4,40,22,3,112,73,0,0,0,0,4,8,88,49,5,227
2ae19629-2331-13a3-e055-000000000001,2ae19629-2331-13a3-e055-000000000001,KILTARTAN,365,408,51,824,45,2,0,1,0,5,14,49,44,3,163,47,2,1,4,0,6,13,82,45,2,202,92,4,1,5,0,11,27,131,89,5,365
2ae19629-233c-13a3-e055-000000000001,2ae19629-233c-13a3-e055-000000000001,KILTHOMAS,48,50,0,98,7,1,0,0,0,0,0,6,6,1,21,10,0,0,0,0,0,0,9,6,2,27,17,1,0,0,0,0,0,15,12,3,48
2ae19629-234b-13a3-e055-000000000001,2ae19629-234b-13a3-e055-000000000001,KINVARRA,762,700,48,1510,100,2,0,4,0,13,18,113,84,6,340,134,5,2,0,0,11,20,130,114,6,422,234,7,2,4,0,24,38,243,198,12,762
2ae19629-22f8-13a3-e055-000000000001,2ae19629-22f8-13a3-e055-000000000001,RAHASANE,174,174,5,353,29,1,0,0,0,0,6,25,16,6,83,24,2,0,0,0,3,9,33,17,3,91,53,3,0,0,0,3,15,58,33,9,174
2ae19629-2318-13a3-e055-000000000001,2ae19629-2318-13a3-e055-000000000001,SKEHANAGH,281,220,9,510,37,1,0,2,0,2,12,38,44,3,139,30,1,0,1,0,4,3,73,29,1,142,67,2,0,3,0,6,15,111,73,4,281
2ae19629-204d-13a3-e055-000000000001,2ae19629-204d-13a3-e055-000000000001,AILLE,169,217,26,412,20,1,0,1,0,2,4,29,23,4,84,20,0,0,2,0,3,4,32,22,2,85,40,1,0,3,0,5,8,61,45,6,169
2ae19629-2050-13a3-e055-000000000001,2ae19629-2050-13a3-e055-000000000001,ATHENRY,2389,2849,296,5534,366,17,5,2,0,36,77,301,227,29,1060,481,23,3,2,2,36,90,415,241,36,1329,847,40,8,4,2,72,167,716,468,65,2389
2ae19629-2080-13a3-e055-000000000001,2ae19629-2080-13a3-e055-000000000001,BALLYNAGAR,88,108,12,208,15,0,0,0,0,0,0,15,8,1,39,18,0,0,0,0,0,4,19,8,0,49,33,0,0,0,0,0,4,34,16,1,88
2ae19629-20af-13a3-e055-000000000001,2ae19629-20af-13a3-e055-000000000001,BRACKLAGH,225,255,3,483,30,0,1,0,0,1,8,33,34,1,108,35,0,1,0,0,1,9,29,40,2,117,65,0,2,0,0,2,17,62,74,3,225
2ae19629-20b0-13a3-e055-000000000001,2ae19629-20b0-13a3-e055-000000000001,BULLAUN,160,153,14,327,30,0,0,0,0,1,6,27,20,1,85,29,0,0,0,0,1,5,24,15,1,75,59,0,0,0,0,2,11,51,35,2,160
2ae19629-20bf-13a3-e055-000000000001,2ae19629-20bf-13a3-e055-000000000001,CAPPALUSK,188,207,15,410,27,0,1,0,1,1,8,26,27,3,94,29,1,0,0,0,2,9,26,27,0,94,56,1,1,0,1,3,17,52,54,3,188
2ae19629-20d8-13a3-e055-000000000001,2ae19629-20d8-13a3-e055-000000000001,CASTLEBOY,271,270,13,554,50,0,0,0,0,0,8,40,30,1,129,47,0,0,1,0,3,8,51,30,2,142,97,0,0,1,0,3,16,91,60,3,271
2ae19629-2053-13a3-e055-000000000001,2ae19629-2053-13a3-e055-000000000001,CLOONKEEN,197,250,16,463,26,0,0,0,1,2,7,23,31,0,90,30,0,3,1,0,2,3,37,30,1,107,56,0,3,1,1,4,10,60,61,1,197
2ae19629-2055-13a3-e055-000000000001,2ae19629-2055-13a3-e055-000000000001,COLMANSTOWN,48,72,10,130,8,0,0,0,0,1,2,10,3,0,24,7,0,0,0,0,0,1,10,6,0,24,15,0,0,0,0,1,3,20,9,0,48
2ae19629-22e7-13a3-e055-000000000001,2ae19629-22e7-13a3-e055-000000000001,CRAUGHWELL,926,1011,66,2003,132,2,3,3,1,7,26,135,97,13,419,166,3,1,3,1,5,40,174,107,7,507,298,5,4,6,2,12,66,309,204,20,926
2ae19629-2310-13a3-e055-000000000001,2ae19629-2310-13a3-e055-000000000001,DERRYLAUR,32,51,13,96,4,0,0,0,0,0,0,8,3,0,15,5,0,0,0,0,0,2,7,3,0,17,9,0,0,0,0,0,2,15,6,0,32
2ae19629-2320-13a3-e055-000000000001,2ae19629-2320-13a3-e055-000000000001,DRUMKEARY,269,311,20,600,32,0,0,0,0,3,6,47,38,3,129,34,0,0,0,0,3,12,55,29,7,140,66,0,0,0,0,6,18,102,67,10,269
2ae19629-2347-13a3-e055-000000000001,2ae19629-2347-13a3-e055-000000000001,GRAIGABBEY,190,211,4,405,34,0,1,0,1,1,4,22,22,1,86,37,1,3,0,0,1,6,33,21,2,104,71,1,4,0,1,2,10,55,43,3,190
2ae19629-2348-13a3-e055-000000000001,2ae19629-2348-13a3-e055-000000000001,GRANGE,313,441,21,775,43,0,0,0,0,2,7,40,47,4,143,57,3,1,1,0,2,10,57,35,4,170,100,3,1,1,0,4,17,97,82,8,313
2ae19629-2354-13a3-e055-000000000001,2ae19629-2354-13a3-e055-000000000001,GREETHILL,580,439,36,1055,97,1,1,2,0,8,16,79,74,4,282,106,2,3,1,0,5,17,104,56,4,298,203,3,4,3,0,13,33,183,130,8,580
2ae19629-238b-13a3-e055-000000000001,2ae19629-238b-13a3-e055-000000000001,KILCHREEST,140,150,10,300,14,0,0,0,0,3,7,27,14,0,65,14,1,1,0,0,3,3,30,21,2,75,28,1,1,0,0,6,10,57,35,2,140
2ae19629-238c-13a3-e055-000000000001,2ae19629-238c-13a3-e055-000000000001,KILCONICKNY,335,312,14,661,34,0,0,0,1,3,7,52,38,4,139,61,6,1,0,1,2,9,67,43,6,196,95,6,1,0,2,5,16,119,81,10,335
2ae19629-2397-13a3-e055-000000000001,2ae19629-2397-13a3-e055-000000000001,KILCONIERIN,314,353,33,700,52,0,0,0,0,3,8,52,37,3,155,58,0,0,0,0,1,7,58,29,6,159,110,0,0,0,0,4,15,110,66,9,314
2ae19629-22f4-13a3-e055-000000000001,2ae19629-22f4-13a3-e055-000000000001,KILLIMOR,146,189,19,354,12,0,1,1,0,2,4,25,15,2,62,29,0,0,0,0,1,3,30,16,5,84,41,0,1,1,0,3,7,55,31,7,146
2ae19629-22f6-13a3-e055-000000000001,2ae19629-22f6-13a3-e055-000000000001,KILLOGILLEEN,477,406,63,946,92,0,0,0,0,8,13,54,52,3,222,98,2,0,0,0,12,13,78,48,4,255,190,2,0,0,0,20,26,132,100,7,477
2ae19629-2323-13a3-e055-000000000001,2ae19629-2323-13a3-e055-000000000001,KILMEEN,293,348,17,658,47,0,1,0,0,0,5,42,40,3,138,41,0,0,0,0,1,10,59,41,3,155,88,0,1,0,0,1,15,101,81,6,293
2ae19629-232f-13a3-e055-000000000001,2ae19629-232f-13a3-e055-000000000001,KILREEKILL,174,173,8,355,11,2,0,1,0,2,10,28,22,2,78,18,0,0,0,0,3,8,39,28,0,96,29,2,0,1,0,5,18,67,50,2,174
2ae19629-233b-13a3-e055-000000000001,2ae19629-233b-13a3-e055-000000000001,KILTESKILL,201,172,9,382,22,0,1,0,0,1,5,24,31,5,89,24,0,0,0,0,3,5,42,35,3,112,46,0,1,0,0,4,10,66,66,8,201
2ae19629-2349-13a3-e055-000000000001,2ae19629-2349-13a3-e055-000000000001,KILTULLAGH,360,410,27,797,50,2,1,1,0,1,9,53,44,2,163,61,2,0,0,0,4,11,64,52,3,197,111,4,1,1,0,5,20,117,96,5,360
2ae19629-2357-13a3-e055-000000000001,2ae19629-2357-13a3-e055-000000000001,LACKALEA,203,191,17,411,24,2,0,0,0,1,4,24,25,2,82,50,4,1,0,0,6,4,29,27,0,121,74,6,1,0,0,7,8,53,52,2,203
2ae19629-2359-13a3-e055-000000000001,2ae19629-2359-13a3-e055-000000000001,LEITRIM,257,265,13,535,37,0,0,0,0,1,2,34,42,7,123,50,0,2,0,0,1,8,35,36,2,134,87,0,2,0,0,2,10,69,78,9,257
2ae19629-238d-13a3-e055-000000000001,2ae19629-238d-13a3-e055-000000000001,LOUGHREA RURAL,394,417,60,871,40,0,0,1,0,4,10,56,52,4,167,58,1,0,0,0,6,22,87,48,5,227,98,1,0,1,0,10,32,143,100,9,394
2ae19629-238e-13a3-e055-000000000001,2ae19629-238e-13a3-e055-000000000001,LOUGHREA URBAN,2011,3393,676,6080,284,17,1,4,1,21,37,294,193,25,877,332,16,0,1,1,27,86,374,262,35,1134,616,33,1,5,2,48,123,668,455,60,2011
2ae19629-23ab-13a3-e055-000000000001,2ae19629-23ab-13a3-e055-000000000001,MOUNTAIN,127,162,1,290,17,0,0,0,0,2,3,22,16,1,61,14,0,0,0,0,3,3,28,15,3,66,31,0,0,0,0,5,6,50,31,4,127
2ae19629-22dc-13a3-e055-000000000001,2ae19629-22dc-13a3-e055-000000000001,MOYODE,131,133,21,285,18,1,0,0,0,1,5,19,14,0,58,13,2,1,0,0,1,10,22,24,0,73,31,3,1,0,0,2,15,41,38,0,131
2ae19629-22ed-13a3-e055-000000000001,2ae19629-22ed-13a3-e055-000000000001,RAFORD,294,284,37,615,40,1,0,0,0,3,7,39,42,2,134,54,1,0,0,0,5,14,55,29,2,160,94,2,0,0,0,8,21,94,71,4,294
2ae19629-2332-13a3-e055-000000000001,2ae19629-2332-13a3-e055-000000000001,TIAQUIN,397,361,10,768,64,1,2,2,0,2,8,51,41,3,174,80,3,1,1,0,6,9,69,50,4,223,144,4,3,3,0,8,17,120,91,7,397
2ae19629-2350-13a3-e055-000000000001,2ae19629-2350-13a3-e055-000000000001,WOODFORD,172,267,15,454,16,0,0,0,0,0,9,30,17,0,72,27,0,0,0,0,2,7,33,28,3,100,43,0,0,0,0,2,16,63,45,3,172
2ae19629-204e-13a3-e055-000000000001,2ae19629-204e-13a3-e055-000000000001,ANNAGH,144,213,13,370,26,0,0,0,0,1,2,14,20,2,65,26,1,3,0,0,0,3,22,24,0,79,52,1,3,0,0,1,5,36,44,2,144
2ae19629-208b-13a3-e055-000000000001,2ae19629-208b-13a3-e055-000000000001,BALLYNAKILL,282,331,8,621,29,0,0,0,1,2,6,41,33,0,112,47,0,0,1,0,1,11,58,49,3,170,76,0,0,1,1,3,17,99,82,3,282
2ae19629-20bd-13a3-e055-000000000001,2ae19629-20bd-13a3-e055-000000000001,CALTRA,199,165,4,368,26,1,1,0,0,1,2,27,37,5,100,21,0,2,0,1,1,1,38,33,2,99,47,1,3,0,1,2,3,65,70,7,199
2ae19629-20d7-13a3-e055-000000000001,2ae19629-20d7-13a3-e055-000000000001,CASTLEBLAKENEY,248,277,12,537,38,0,1,0,0,4,4,46,35,4,132,32,0,0,0,0,3,7,40,34,0,116,70,0,1,0,0,7,11,86,69,4,248
2ae19629-20e0-13a3-e055-000000000001,2ae19629-20e0-13a3-e055-000000000001,CASTLEFFRENCH,252,242,11,505,30,0,0,1,2,2,7,30,42,3,117,40,3,1,0,0,3,5,43,36,4,135,70,3,1,1,2,5,12,73,78,7,252
2ae19629-2104-13a3-e055-000000000001,2ae19629-2104-13a3-e055-000000000001,CLONBROCK,282,284,15,581,37,0,0,0,1,1,10,42,36,4,131,40,1,0,0,1,0,10,63,34,2,151,77,1,0,0,2,1,20,105,70,6,282
2ae19629-204a-13a3-e055-000000000001,2ae19629-204a-13a3-e055-000000000001,CLOONKEEN,172,151,12,335,20,0,0,0,0,1,3,24,26,2,76,36,0,0,0,0,2,6,34,16,2,96,56,0,0,0,0,3,9,58,42,4,172
2ae19629-22e5-13a3-e055-000000000001,2ae19629-22e5-13a3-e055-000000000001,COOLOO,266,285,5,556,35,1,1,0,0,0,5,41,36,5,124,46,1,0,0,0,3,5,48,37,2,142,81,2,1,0,0,3,10,89,73,7,266
2ae19629-2304-13a3-e055-000000000001,2ae19629-2304-13a3-e055-000000000001,DERRYGLASSAUN,457,447,40,944,61,3,0,0,0,2,9,62,62,5,204,78,1,1,0,0,5,14,85,63,6,253,139,4,1,0,0,7,23,147,125,11,457
2ae19629-22e8-13a3-e055-000000000001,2ae19629-22e8-13a3-e055-000000000001,KILLERORAN,552,708,7,1267,70,2,4,0,0,0,14,92,70,7,259,89,0,2,1,0,1,13,98,78,11,293,159,2,6,1,0,1,27,190,148,18,552
2ae19629-22e9-13a3-e055-000000000001,2ae19629-22e9-13a3-e055-000000000001,KILLIAN,166,164,21,351,22,1,0,0,0,2,2,43,10,1,81,24,0,0,1,0,2,4,34,16,4,85,46,1,0,1,0,4,6,77,26,5,166
2ae19629-23aa-13a3-e055-000000000001,2ae19629-23aa-13a3-e055-000000000001,MOUNT BELLEW,898,937,56,1891,99,0,0,0,0,2,24,146,98,11,380,149,0,2,0,0,5,25,184,140,13,518,248,0,2,0,0,7,49,330,238,24,898
2ae19629-22d0-13a3-e055-000000000001,2ae19629-22d0-13a3-e055-000000000001,MOUNTHAZEL,209,295,23,527,27,1,0,0,0,0,3,35,20,3,89,42,2,0,0,0,1,4,47,19,5,120,69,3,0,0,0,1,7,82,39,8,209
2ae19629-2327-13a3-e055-000000000001,2ae19629-2327-13a3-e055-000000000001,TAGHBOY,91,120,9,220,9,0,0,0,0,1,2,9,14,0,35,15,0,0,0,1,0,2,24,14,0,56,24,0,0,0,1,1,4,33,28,0,91
2ae19629-20be-13a3-e055-000000000001,2ae19629-20be-13a3-e055-000000000001,CAMUS,286,24,8,318,17,27,0,0,0,82,7,4,3,4,144,26,23,1,0,0,70,10,6,1,5,142,43,50,1,0,0,152,17,10,4,9,286
2ae19629-2049-13a3-e055-000000000001,2ae19629-2049-13a3-e055-000000000001,CLOONBUR,630,532,60,1222,62,3,2,0,0,32,37,103,42,8,289,111,1,2,0,0,27,31,124,38,7,341,173,4,4,0,0,59,68,227,80,15,630
2ae19629-22f1-13a3-e055-000000000001,2ae19629-22f1-13a3-e055-000000000001,CRUMPAUN,2227,257,89,2573,183,164,2,0,0,626,52,27,3,51,1108,225,198,4,1,0,554,47,44,3,43,1119,408,362,6,1,0,1180,99,71,6,94,2227
2ae19629-22f3-13a3-e055-000000000001,2ae19629-22f3-13a3-e055-000000000001,CUR,86,58,5,149,10,4,0,0,0,4,6,16,7,0,47,4,0,0,0,0,4,8,16,3,4,39,14,4,0,0,0,8,14,32,10,4,86
2ae19629-2346-13a3-e055-000000000001,2ae19629-2346-13a3-e055-000000000001,GORUMNA,1171,64,55,1290,101,69,0,0,0,349,13,10,2,53,597,97,95,0,0,0,301,17,25,4,35,574,198,164,0,0,0,650,30,35,6,88,1171
2ae19629-23a4-13a3-e055-000000000001,2ae19629-23a4-13a3-e055-000000000001,KILCUMMIN,110,49,5,164,16,4,0,0,0,14,9,12,3,5,63,14,4,0,0,0,15,4,7,1,2,47,30,8,0,0,0,29,13,19,4,7,110
2ae19629-236b-13a3-e055-000000000001,2ae19629-236b-13a3-e055-000000000001,LETTERBRICKAUN,77,168,9,254,5,0,0,0,0,4,3,13,11,4,40,7,0,0,0,0,1,5,15,9,0,37,12,0,0,0,0,5,8,28,20,4,77
2ae19629-236c-13a3-e055-000000000001,2ae19629-236c-13a3-e055-000000000001,LETTERFORE,106,158,8,272,15,0,0,0,0,2,2,26,8,5,58,6,0,1,0,0,3,3,23,9,3,48,21,0,1,0,0,5,5,49,17,8,106
2ae19629-236d-13a3-e055-000000000001,2ae19629-236d-13a3-e055-000000000001,LETTERMORE,786,40,36,862,67,53,1,0,0,210,12,11,2,27,383,67,67,1,0,0,219,18,13,1,17,403,134,120,2,0,0,429,30,24,3,44,786
2ae19629-22e0-13a3-e055-000000000001,2ae19629-22e0-13a3-e055-000000000001,OUGHTERARD,1206,1369,145,2720,115,6,4,1,1,40,57,219,101,11,555,144,13,3,2,0,48,74,241,111,15,651,259,19,7,3,1,88,131,460,212,26,1206
2ae19629-2341-13a3-e055-000000000001,2ae19629-2341-13a3-e055-000000000001,TURLOUGH,466,54,17,537,33,33,0,0,0,133,9,13,0,19,240,33,50,0,1,0,110,11,13,2,6,226,66,83,0,1,0,243,20,26,2,25,466
2ae19629-2351-13a3-e055-000000000001,2ae19629-2351-13a3-e055-000000000001,WORMHOLE,1222,1213,73,2508,158,3,4,0,0,17,49,205,108,11,555,203,7,2,0,1,22,64,240,112,16,667,361,10,6,0,1,39,113,445,220,27,1222
2ae19629-2102-13a3-e055-000000000001,2ae19629-2102-13a3-e055-000000000001,ABBEYVILLE,122,138,8,268,15,0,2,0,0,0,1,12,15,0,45,19,0,0,0,1,1,5,27,21,3,77,34,0,2,0,1,1,6,39,36,3,122
2ae19629-2075-13a3-e055-000000000001,2ae19629-2075-13a3-e055-000000000001,BALLYGLASS,73,97,4,174,12,0,0,0,0,0,4,10,5,3,34,11,0,1,0,0,1,5,11,10,0,39,23,0,1,0,0,1,9,21,15,3,73
2ae19629-2302-13a3-e055-000000000001,2ae19629-2302-13a3-e055-000000000001,DERREW,57,108,15,180,8,0,0,0,0,1,1,5,9,0,24,7,1,0,0,0,1,3,10,10,1,33,15,1,0,0,0,2,4,15,19,1,57
2ae19629-2321-13a3-e055-000000000001,2ae19629-2321-13a3-e055-000000000001,DRUMMIN,170,197,9,376,22,0,0,0,0,1,7,28,14,4,76,25,0,0,1,0,1,5,41,20,1,94,47,0,0,1,0,2,12,69,34,5,170
2ae19629-232d-13a3-e055-000000000001,2ae19629-232d-13a3-e055-000000000001,EYRECOURT,171,262,25,458,17,0,0,0,0,1,4,30,25,2,79,22,0,0,0,0,0,5,32,33,0,92,39,0,0,0,0,1,9,62,58,2,171
2ae19629-22ea-13a3-e055-000000000001,2ae19629-22ea-13a3-e055-000000000001,KILLIMOR,248,426,16,690,31,1,0,0,0,0,6,38,31,7,114,32,1,1,0,0,0,6,64,30,0,134,63,2,1,0,0,0,12,102,61,7,248
2ae19629-2317-13a3-e055-000000000001,2ae19629-2317-13a3-e055-000000000001,KILMALINOGE,78,128,7,213,6,0,0,0,0,1,1,9,18,0,35,12,0,0,0,0,1,0,9,19,2,43,18,0,0,0,0,2,1,18,37,2,78
2ae19629-2325-13a3-e055-000000000001,2ae19629-2325-13a3-e055-000000000001,KILQUAIN,124,145,25,294,15,0,0,0,0,0,2,27,17,1,62,16,0,0,0,0,1,4,26,14,1,62,31,0,0,0,0,1,6,53,31,2,124
2ae19629-239a-13a3-e055-000000000001,2ae19629-239a-13a3-e055-000000000001,MEELICK,110,166,9,285,25,0,0,0,0,0,5,15,13,2,60,13,0,0,0,0,1,2,18,16,0,50,38,0,0,0,0,1,7,33,29,2,110
2ae19629-239c-13a3-e055-000000000001,2ae19629-239c-13a3-e055-000000000001,MOAT,60,87,3,150,5,0,0,0,0,0,1,6,16,0,28,9,0,0,0,0,0,2,16,5,0,32,14,0,0,0,0,0,3,22,21,0,60
2ae19629-22eb-13a3-e055-000000000001,2ae19629-22eb-13a3-e055-000000000001,PALLAS,155,219,24,398,25,0,0,0,0,0,2,24,13,6,70,27,0,1,0,0,1,4,24,27,1,85,52,0,1,0,0,1,6,48,40,7,155
2ae19629-22ec-13a3-e055-000000000001,2ae19629-22ec-13a3-e055-000000000001,PORTUMNA,899,1357,167,2423,118,2,1,1,0,7,28,140,94,9,400,121,2,1,2,0,9,33,188,131,12,499,239,4,2,3,0,16,61,328,225,21,899
2ae19629-2333-13a3-e055-000000000001,2ae19629-2333-13a3-e055-000000000001,TIRANASCRAGH,73,96,8,177,8,0,0,1,0,0,2,6,15,0,32,13,0,0,1,0,0,1,14,11,1,41,21,0,0,2,0,0,3,20,26,1,73
2ae19629-234f-13a3-e055-000000000001,2ae19629-234f-13a3-e055-000000000001,TYNAGH,193,238,24,455,23,0,0,0,0,0,6,27,29,0,85,42,1,0,0,0,0,7,35,22,1,108,65,1,0,0,0,0,13,62,51,1,193
2ae19629-20ff-13a3-e055-000000000001,2ae19629-20ff-13a3-e055-000000000001,ABBEY EAST,236,367,24,627,31,0,0,0,0,1,5,40,28,1,106,38,0,0,0,0,5,4,51,30,2,130,69,0,0,0,0,6,9,91,58,3,236
2ae19629-2100-13a3-e055-000000000001,2ae19629-2100-13a3-e055-000000000001,ABBEY WEST,375,439,29,843,58,8,0,0,0,3,9,55,40,4,177,61,3,2,0,0,5,14,61,45,7,198,119,11,2,0,0,8,23,116,85,11,375
2ae19629-2046-13a3-e055-000000000001,2ae19629-2046-13a3-e055-000000000001,ADDERGOOLE,260,291,20,571,33,0,0,0,0,0,8,37,43,1,122,42,0,1,0,1,2,8,47,35,2,138,75,0,1,0,1,2,16,84,78,3,260
2ae19629-2059-13a3-e055-000000000001,2ae19629-2059-13a3-e055-000000000001,ANNAGHDOWN,600,705,88,1393,86,0,2,0,0,5,20,91,60,11,275,89,2,2,1,0,3,29,122,68,9,325,175,2,4,1,0,8,49,213,128,20,600
2ae19629-205f-13a3-e055-000000000001,2ae19629-205f-13a3-e055-000000000001,BALLINDERRY,231,313,19,563,35,1,0,0,0,2,8,29,30,1,106,40,1,0,0,0,4,6,36,36,2,125,75,2,0,0,0,6,14,65,66,3,231
2ae19629-2068-13a3-e055-000000000001,2ae19629-2068-13a3-e055-000000000001,BALLINDUFF,339,332,37,708,44,0,1,1,0,4,6,58,39,4,157,59,0,1,1,0,4,10,59,43,5,182,103,0,2,2,0,8,16,117,82,9,339
2ae19629-208e-13a3-e055-000000000001,2ae19629-208e-13a3-e055-000000000001,BALLYNAPARK,474,546,49,1069,68,0,0,0,1,5,13,68,38,8,201,84,2,0,0,0,6,18,93,61,9,273,152,2,0,0,1,11,31,161,99,17,474
2ae19629-20a3-13a3-e055-000000000001,2ae19629-20a3-13a3-e055-000000000001,BEAGHMORE,161,212,11,384,19,0,1,0,0,4,5,27,16,1,73,26,1,0,0,0,3,4,35,18,1,88,45,1,1,0,0,7,9,62,34,2,161
2ae19629-20a4-13a3-e055-000000000001,2ae19629-20a4-13a3-e055-000000000001,BELCLARE,311,436,25,772,38,2,0,0,0,3,7,52,37,7,146,59,1,0,0,0,2,18,41,33,11,165,97,3,0,0,0,5,25,93,70,18,311
2ae19629-20cd-13a3-e055-000000000001,2ae19629-20cd-13a3-e055-000000000001,CARROWNAGUR,164,226,10,400,24,0,0,0,0,1,4,26,23,1,79,25,0,0,0,1,2,6,25,24,2,85,49,0,0,0,1,3,10,51,47,3,164
2ae19629-20d6-13a3-e055-000000000001,2ae19629-20d6-13a3-e055-000000000001,CARROWREVAGH,208,238,22,468,32,1,1,0,0,2,2,32,33,1,104,32,2,0,0,0,3,3,38,25,1,104,64,3,1,0,0,5,5,70,58,2,208
2ae19629-20f2-13a3-e055-000000000001,2ae19629-20f2-13a3-e055-000000000001,CLARETUAM,538,531,28,1097,86,2,0,1,1,4,13,99,47,7,260,79,1,2,1,0,7,17,105,63,3,278,165,3,2,2,1,11,30,204,110,10,538
2ae19629-2103-13a3-e055-000000000001,2ae19629-2103-13a3-e055-000000000001,CLONBERN,158,195,24,377,16,0,0,0,0,1,3,38,19,0,77,24,3,0,0,0,0,1,30,22,1,81,40,3,0,0,0,1,4,68,41,1,158
2ae19629-2054-13a3-e055-000000000001,2ae19629-2054-13a3-e055-000000000001,CLOONKEEN,191,241,52,484,24,0,0,0,0,0,4,28,27,2,85,27,0,0,0,0,1,8,40,29,1,106,51,0,0,0,0,1,12,68,56,3,191
2ae19629-22f2-13a3-e055-000000000001,2ae19629-22f2-13a3-e055-000000000001,CUMMER,504,581,28,1113,70,0,1,0,0,4,13,67,49,5,209,106,1,4,0,0,4,25,88,60,7,295,176,1,5,0,0,8,38,155,109,12,504
2ae19629-2312-13a3-e055-000000000001,2ae19629-2312-13a3-e055-000000000001,DONAGHPATRICK,237,308,16,561,17,0,0,0,0,0,8,36,25,1,87,43,0,0,1,0,1,13,56,35,1,150,60,0,0,1,0,1,21,92,60,2,237
2ae19629-2313-13a3-e055-000000000001,2ae19629-2313-13a3-e055-000000000001,DOONBALLY,263,303,41,607,40,1,0,0,0,1,5,37,28,6,118,59,2,1,0,0,3,7,54,17,2,145,99,3,1,0,0,4,12,91,45,8,263
2ae19629-2322-13a3-e055-000000000001,2ae19629-2322-13a3-e055-000000000001,DUNMORE NORTH,273,302,10,585,38,1,0,1,0,4,13,45,32,3,137,37,0,1,0,0,2,13,47,35,1,136,75,1,1,1,0,6,26,92,67,4,273
2ae19629-232b-13a3-e055-000000000001,2ae19629-232b-13a3-e055-000000000001,DUNMORE SOUTH,381,453,31,865,42,0,0,0,0,1,11,61,46,4,165,52,2,0,1,0,3,13,83,57,5,216,94,2,0,1,0,4,24,144,103,9,381
2ae19629-232e-13a3-e055-000000000001,2ae19629-232e-13a3-e055-000000000001,FOXHALL,295,341,16,652,29,0,1,0,0,1,4,40,50,3,128,45,1,0,0,0,0,8,61,49,3,167,74,1,1,0,0,1,12,101,99,6,295
2ae19629-2355-13a3-e055-000000000001,2ae19629-2355-13a3-e055-000000000001,HEADFORD,773,942,74,1789,85,1,2,1,1,8,21,140,75,12,346,112,4,2,0,1,10,29,158,101,10,427,197,5,4,1,2,18,50,298,176,22,773
2ae19629-2356-13a3-e055-000000000001,2ae19629-2356-13a3-e055-000000000001,HILLSBROOK,292,346,33,671,28,0,0,0,0,0,4,51,43,11,137,44,3,0,0,1,2,3,54,42,6,155,72,3,0,0,1,2,7,105,85,17,292
2ae19629-237d-13a3-e055-000000000001,2ae19629-237d-13a3-e055-000000000001,KILBENNAN,158,173,12,343,22,1,0,0,0,4,5,25,17,2,76,21,1,0,1,0,4,0,27,25,3,82,43,2,0,1,0,8,5,52,42,5,158
2ae19629-2399-13a3-e055-000000000001,2ae19629-2399-13a3-e055-000000000001,KILCOONA,303,324,20,647,43,6,1,0,1,4,10,45,31,1,142,48,0,0,0,0,4,14,65,29,1,161,91,6,1,0,1,8,24,110,60,2,303
2ae19629-22cd-13a3-e055-000000000001,2ae19629-22cd-13a3-e055-000000000001,KILLEANY,276,301,26,603,39,1,1,2,0,1,10,36,37,4,131,37,1,0,0,0,2,9,58,34,4,145,76,2,1,2,0,3,19,94,71,8,276
2ae19629-22cf-13a3-e055-000000000001,2ae19629-22cf-13a3-e055-000000000001,KILLEEN,358,317,35,710,42,3,1,1,0,2,4,57,43,1,154,60,4,0,0,0,2,13,66,51,8,204,102,7,1,1,0,4,17,123,94,9,358
2ae19629-22db-13a3-e055-000000000001,2ae19629-22db-13a3-e055-000000000001,KILLERERIN,364,361,20,745,41,0,2,1,0,1,6,60,52,4,167,49,1,1,1,0,3,6,77,57,2,197,90,1,3,2,0,4,12,137,109,6,364
2ae19629-2305-13a3-e055-000000000001,2ae19629-2305-13a3-e055-000000000001,KILLOWER,459,414,19,892,59,0,0,2,0,4,15,73,50,11,214,70,2,3,1,0,4,21,76,64,4,245,129,2,3,3,0,8,36,149,114,15,459
2ae19629-2315-13a3-e055-000000000001,2ae19629-2315-13a3-e055-000000000001,KILLURSA,508,569,28,1105,77,2,1,0,0,4,15,73,63,3,238,67,4,0,2,1,5,16,104,65,6,270,144,6,1,2,1,9,31,177,128,9,508
2ae19629-2324-13a3-e055-000000000001,2ae19629-2324-13a3-e055-000000000001,KILMOYLAN,535,546,48,1129,74,3,3,0,0,3,12,73,64,8,240,90,7,0,1,0,3,17,103,63,11,295,164,10,3,1,0,6,29,176,127,19,535
2ae19629-2330-13a3-e055-000000000001,2ae19629-2330-13a3-e055-000000000001,KILSHANVY,198,198,8,404,25,1,0,0,1,0,4,30,25,4,90,30,0,0,1,0,3,5,46,20,3,108,55,1,0,1,1,3,9,76,45,7,198
2ae19629-236e-13a3-e055-000000000001,2ae19629-236e-13a3-e055-000000000001,LEVALLY,164,242,7,413,37,0,1,0,0,0,3,26,17,0,84,29,0,0,0,0,0,3,32,16,0,80,66,0,1,0,0,0,6,58,33,0,164
2ae19629-239b-13a3-e055-000000000001,2ae19629-239b-13a3-e055-000000000001,MILLTOWN,347,320,12,679,36,2,1,0,0,3,8,56,47,3,156,53,3,1,0,0,5,10,73,44,2,191,89,5,2,0,0,8,18,129,91,5,347
2ae19629-23a9-13a3-e055-000000000001,2ae19629-23a9-13a3-e055-000000000001,MONIVEA,333,394,25,752,35,0,1,1,0,0,5,60,33,5,140,64,0,0,1,0,3,11,77,32,5,193,99,0,1,2,0,3,16,137,65,10,333
2ae19629-22d2-13a3-e055-000000000001,2ae19629-22d2-13a3-e055-000000000001,MOYNE,317,352,7,676,36,1,0,0,0,4,6,52,38,4,141,47,1,2,0,0,4,9,72,36,5,176,83,2,2,0,0,8,15,124,74,9,317
2ae19629-2307-13a3-e055-000000000001,2ae19629-2307-13a3-e055-000000000001,RYEHILL,368,466,17,851,64,0,0,2,2,1,6,51,38,3,167,83,1,0,0,0,4,5,58,49,1,201,147,1,0,2,2,5,11,109,87,4,368
2ae19629-2334-13a3-e055-000000000001,2ae19629-2334-13a3-e055-000000000001,TOBERADOSH,160,202,28,390,19,0,0,0,0,1,3,23,26,3,75,32,0,0,0,0,0,3,27,21,2,85,51,0,0,0,0,1,6,50,47,5,160
2ae19629-233e-13a3-e055-000000000001,2ae19629-233e-13a3-e055-000000000001,TUAM RURAL,2257,3550,483,6290,371,11,5,2,2,23,54,317,211,17,1013,419,13,7,3,2,25,84,391,272,28,1244,790,24,12,5,4,48,138,708,483,45,2257
2ae19629-233f-13a3-e055-000000000001,2ae19629-233f-13a3-e055-000000000001,TUAM URBAN,1167,2149,472,3788,133,5,0,0,2,16,28,205,121,19,529,164,6,1,0,1,11,39,251,142,23,638,297,11,1,0,3,27,67,456,263,42,1167
